11 11 11 11 11 11 11 11 11 11 11 11 11 11 11 11 11 11 11 11 11 11 11 11 11 11 11 11 11 11 11 11 11 11 11 11 11 11 11 11 11 11 11 11 11 11 11 11 11 11 11 11 11 11 11 11 11 11 11 11 11 11 11 11 11 11 11 11 11 11 11 11 11 11 11 11 11 11 11 11 11 11 11 11 11 11 11 11 11 11 11 11 11 11 11 11 11 11 11 11 11 11 11 11 11 11
11 11 11 11 11 11 11 11 11 11 11 11 11 11 11 11 11 11 11 11 11 11 11 11 11 11 11 11 11 11 11 11 11 11 11 11 11 11 11 11 11 11 11 11 11 11 11 11 11 11 11 11 11 11 11 11 11 11 11 11 11 11 11 11 11 11 11 11 11 11 11 11 11 11 11 11 11 11 11 11 11 11 11 11 11 11 11 11 11 11 11 11 11 11 11 11 11 11 11 11 11 11 11 11 11 11
11 11 11 11 11 11 11 11 11 11 11 11 11 11 11 11 11 11 11 11 11 11 11 11 11 11 11 11 11 11 11 11 11 11 11 11 11 11 11 11 11 11 11 11 11 11 11 11 11 11 11 11 11 11 11 11 11 11 11 11 11 11 11 11 11 11 11 11 11 11 11 11 11 11 11 11 11 11 11 11 11 11 11 11 11 11 11 11 11 11 11 11 11 11 11 11 11 11 11 11 11 11 11 11 11 11
11 11 11 0 1 1 1 1 1 1 1 1 1 1 1 1 1 1 1 1 1 1 1 1 1 1 1 1 1 1 1 1 1 1 1 1 1 1 1 1 16 16 16 16 16 16 16 16 16 16 16 16 1 1 9 1 1 1 1 1 1 1 1 1 1 1 1 1 1 1 1 1 1 1 1 1 1 1 1 1 1 1 1 1 1 1 1 1 1 1 1 1 1 1 1 1 1 1 1 1 1 1 2 11 11 11
11 11 11 3 10 10 10 10 10 10 10 10 10 10 10 10 10 23 10 10 10 10 10 10 10 10 10 10 10 10 10 10 4 9 10 10 10 10 10 10 16 17 17 17 17 17 17 17 17 17 17 16 10 10 10 10 10 10 4 4 4 23 23 23 10 10 10 10 10 10 10 10 10 10 23 10 10 10 10 10 10 10 10 10 10 23 23 23 4 4 9 10 10 10 10 10 10 10 10 10 10 10 5 11 11 11
11 11 11 3 10 10 10 10 10 10 10 10 10 10 10 10 10 23 10 10 10 10 10 10 10 10 10 10 10 10 10 10 4 4 10 10 10 10 10 10 16 17 17 17 17 17 17 17 17 17 17 17 10 10 10 10 10 10 4 4 4 10 10 23 23 10 10 10 10 10 10 10 10 10 23 10 10 10 10 10 10 10 10 10 23 23 10 10 4 4 4 10 10 10 10 10 10 10 10 10 10 10 5 11 11 11
11 11 11 3 10 10 10 10 10 10 10 10 10 10 10 10 10 23 10 10 10 10 10 10 10 10 10 10 10 10 10 10 4 4 10 10 10 10 10 10 16 17 17 17 17 17 17 17 17 17 17 16 10 10 10 10 10 10 4 4 4 10 10 10 23 23 23 10 10 10 10 10 10 10 23 10 10 10 10 10 10 10 23 23 23 10 10 10 4 4 4 10 10 10 10 10 10 10 10 10 10 10 5 11 11 11
11 11 11 3 14 14 14 14 14 10 10 10 10 10 10 10 10 23 10 10 10 10 10 10 10 10 14 14 14 14 14 14 4 4 10 10 10 10 10 10 16 17 17 17 17 17 17 17 17 17 17 16 10 10 10 10 10 10 4 4 4 10 10 10 10 10 10 23 10 10 10 10 10 10 23 10 10 10 10 10 10 23 10 10 10 10 10 10 4 4 4 10 10 10 10 10 10 10 10 10 10 10 5 11 11 11
11 11 11 3 10 10 10 10 14 10 10 10 10 10 10 10 10 23 10 10 10 10 10 10 10 10 14 10 10 10 10 10 4 4 10 10 10 10 10 10 16 17 17 17 17 17 17 17 17 17 17 16 10 10 10 10 10 10 4 4 4 10 10 10 10 10 10 10 23 10 10 10 10 10 23 10 10 10 10 10 23 10 10 10 10 10 10 10 4 4 4 10 10 10 10 10 10 10 10 10 10 10 5 11 11 11
11 11 11 3 10 10 10 10 14 10 10 10 10 10 10 10 10 23 10 10 10 10 10 10 10 10 14 10 10 10 10 10 4 4 10 10 10 10 10 10 16 16 16 16 16 16 16 16 16 16 16 16 10 10 10 10 10 10 4 4 4 10 10 10 10 10 10 10 10 23 10 10 10 10 23 10 10 10 10 23 10 10 10 10 10 10 10 10 4 4 4 10 10 10 10 10 10 10 10 10 10 10 5 11 11 11
11 11 11 3 14 14 14 10 14 10 10 10 10 10 10 10 10 23 10 10 10 10 10 10 10 10 14 10 14 14 14 14 4 4 10 10 10 10 10 10 10 10 10 10 10 10 10 10 10 10 10 10 10 10 10 10 10 10 4 9 4 14 14 14 10 10 10 10 10 23 10 10 10 10 23 10 10 10 10 23 10 10 10 10 10 14 14 14 4 9 4 10 10 10 10 10 10 10 10 10 10 10 5 11 11 11
11 11 11 3 10 10 14 10 14 10 10 10 10 10 10 10 14 14 14 10 10 10 10 10 10 10 14 10 14 10 10 10 4 4 10 10 10 10 10 10 10 10 10 10 10 10 10 10 10 10 10 10 10 10 10 10 10 10 4 4 4 10 10 14 10 10 10 10 10 23 10 10 10 10 23 10 10 10 10 23 10 10 10 10 10 14 10 10 4 4 4 10 10 10 10 10 10 10 10 10 10 10 5 11 11 11
11 11 11 3 10 10 14 10 14 10 10 10 10 10 10 14 10 23 10 14 10 10 10 10 10 10 14 10 14 10 10 10 4 4 10 10 10 10 10 10 10 10 10 10 10 10 10 10 10 10 10 10 10 10 10 10 10 10 4 4 4 10 10 14 10 10 10 10 10 23 10 10 10 10 23 10 10 10 10 23 10 10 10 10 10 14 10 10 4 4 4 22 22 22 22 22 22 22 22 22 22 22 5 11 11 11
11 11 11 3 10 10 14 10 14 10 10 10 10 10 14 10 10 23 10 10 14 10 10 10 10 10 14 10 14 10 10 10 4 4 10 10 10 10 10 10 10 10 10 10 10 10 10 10 10 10 10 10 10 10 10 10 10 10 4 4 4 10 10 14 10 10 10 10 10 23 10 10 10 10 23 10 10 10 10 23 10 10 10 10 10 14 10 10 4 4 4 22 22 22 22 22 22 22 22 22 22 22 5 11 11 11
11 11 11 3 10 10 14 10 14 10 10 10 10 10 10 14 10 23 10 14 10 10 10 10 10 10 14 10 14 10 10 10 4 4 10 10 10 10 10 10 10 10 10 10 10 10 10 10 10 10 10 10 10 10 10 10 10 10 4 4 4 10 10 14 10 10 10 10 10 23 10 10 10 10 23 10 10 10 10 23 10 10 10 10 10 14 10 10 4 4 4 10 10 10 10 10 10 10 10 10 10 10 5 11 11 11
11 11 11 3 14 14 14 10 14 10 10 10 10 10 10 10 14 14 14 10 10 10 10 10 10 10 14 10 14 14 14 14 4 4 10 10 10 10 10 10 10 10 10 10 10 10 10 10 10 10 10 10 10 10 10 10 10 10 4 4 4 14 14 14 10 10 10 10 10 23 10 10 10 10 23 10 10 10 10 23 10 10 10 10 10 14 14 14 4 4 4 10 10 10 10 10 10 10 10 10 10 10 5 11 11 11
11 11 11 3 10 10 10 10 14 10 10 10 10 10 10 10 10 23 10 10 10 10 10 10 10 10 14 10 10 10 10 10 4 4 10 10 10 10 10 10 10 10 10 10 10 10 10 10 10 10 10 10 10 10 10 10 10 10 4 4 4 10 10 10 10 10 10 10 10 23 10 10 10 10 23 10 10 10 10 23 10 10 10 10 10 10 10 10 4 4 4 10 10 10 10 10 10 10 10 10 10 10 9 11 11 11
11 11 11 3 10 10 10 10 14 10 10 10 10 10 10 10 10 23 10 10 10 10 10 10 10 10 14 10 10 10 10 10 4 4 10 10 10 10 10 10 10 10 10 10 10 10 10 10 10 10 10 10 10 10 10 10 10 10 4 4 4 10 10 10 10 10 10 10 23 10 10 10 10 10 23 10 10 10 10 10 23 10 10 10 10 10 10 10 4 4 4 10 10 10 10 10 10 10 10 10 10 10 5 11 11 11
11 11 11 3 14 14 14 14 14 10 10 10 10 10 10 10 10 23 10 10 10 10 10 10 10 10 14 14 14 14 14 14 4 4 10 10 10 10 10 10 10 10 10 10 10 10 10 10 10 10 10 10 10 10 10 10 10 10 4 4 4 10 10 10 10 10 10 23 10 10 10 10 10 10 23 10 10 10 10 10 10 23 10 10 10 10 10 10 4 4 4 10 10 10 10 10 10 10 10 10 10 10 5 11 11 11
11 11 11 3 10 10 10 10 10 10 10 10 10 10 10 10 10 23 10 10 10 10 10 10 10 10 10 10 10 10 10 10 4 4 10 10 10 10 10 10 10 10 10 10 10 10 10 10 10 10 10 10 10 10 10 10 10 10 9 4 4 10 10 10 23 23 23 10 10 10 10 10 10 10 23 10 10 10 10 10 10 10 23 23 23 10 10 10 4 4 4 10 10 10 10 10 10 10 10 10 10 10 5 11 11 11
11 11 11 3 10 10 10 10 10 10 10 10 10 10 10 10 10 23 10 10 10 10 10 10 10 10 10 10 10 10 10 10 4 9 10 10 10 10 10 10 10 10 10 10 10 10 10 10 10 10 10 10 10 10 10 10 10 10 4 4 4 10 10 23 23 10 10 10 10 10 10 10 10 10 23 10 10 10 10 10 10 10 10 10 23 23 10 10 4 4 4 10 10 10 10 10 10 10 10 10 10 10 5 11 11 11
11 11 11 3 10 10 10 10 10 10 10 10 10 10 10 10 10 23 10 10 10 10 10 10 10 10 10 10 10 10 10 10 4 4 10 10 10 10 10 10 10 10 10 10 10 10 10 10 10 10 10 10 10 10 10 10 10 10 4 4 4 23 23 23 10 10 10 10 10 10 10 10 10 10 23 10 10 10 10 10 10 10 10 10 10 23 23 23 4 9 4 10 10 10 10 10 10 10 10 10 10 10 5 11 11 11
11 11 11 6 7 7 7 7 7 7 7 7 7 7 7 7 7 7 7 7 7 7 7 7 7 7 7 7 7 7 7 7 7 7 7 7 7 7 7 7 7 7 7 7 7 7 7 7 7 7 7 7 7 7 7 7 7 7 7 7 7 7 7 7 7 7 7 7 7 7 7 7 7 7 7 7 7 7 7 7 7 7 7 7 7 7 7 7 7 7 7 7 7 7 7 7 7 7 7 7 7 7 7 11 11 11
11 11 11 10 10 10 10 10 10 10 10 10 10 10 10 10 10 10 10 10 10 10 10 10 10 10 10 10 10 10 10 10 10 10 10 10 10 10 10 10 10 10 10 10 10 10 10 10 10 10 10 10 10 10 10 10 10 10 10 10 10 10 10 10 10 10 10 10 10 10 10 10 10 10 10 10 10 10 10 10 10 10 10 10 10 10 10 10 10 10 10 10 10 10 10 10 10 10 10 10 10 10 10 11 11 11
11 11 11 10 12 12 12 12 12 12 12 12 12 12 12 12 12 12 12 12 12 12 12 12 12 12 12 12 12 12 12 12 12 12 12 12 12 12 12 12 12 12 12 12 12 12 12 12 12 12 12 12 12 12 12 12 12 12 12 12 12 12 12 12 12 12 12 12 12 12 12 12 12 12 12 12 12 12 12 12 12 12 12 12 12 12 12 12 12 12 12 12 12 12 12 12 12 12 12 12 12 12 10 11 11 11
11 11 11 10 12 12 12 12 12 12 12 12 12 12 12 12 12 12 12 12 12 12 12 12 12 12 12 12 12 12 12 12 12 12 12 12 12 12 12 12 12 12 12 12 12 12 12 12 12 12 12 12 12 12 12 12 12 12 12 12 12 12 12 12 12 12 12 12 12 12 12 12 12 12 12 12 12 12 12 12 12 12 12 12 12 12 12 12 12 12 12 12 12 12 12 12 12 12 12 12 12 12 10 11 11 11
11 11 11 10 10 10 10 10 10 10 10 10 10 12 12 10 10 10 10 10 10 10 10 10 10 10 10 10 10 10 10 10 10 10 10 10 10 10 10 12 12 10 10 10 10 10 10 10 10 10 10 10 10 10 10 10 10 10 10 10 10 10 10 10 10 10 10 10 10 10 10 10 10 10 10 12 12 10 10 10 10 10 10 10 10 10 10 10 10 10 10 10 10 10 10 10 10 10 10 10 10 10 10 11 11 11
11 11 11 10 10 10 10 10 10 10 10 10 10 12 12 10 10 0 1 1 1 1 1 1 1 1 1 1 1 1 1 1 1 1 1 1 2 10 10 12 12 10 10 0 1 1 1 1 1 1 1 1 1 1 1 1 1 1 1 1 1 1 1 1 1 1 1 1 1 1 1 2 10 10 10 12 12 10 10 10 10 10 10 10 10 10 10 0 1 1 1 1 1 1 1 1 1 1 1 1 1 1 1 11 11 11
11 11 11 10 10 10 10 10 10 10 10 10 10 12 12 10 10 3 4 4 4 4 4 4 4 4 4 4 4 4 4 4 4 4 4 4 5 10 10 12 12 10 10 3 4 4 4 4 4 4 4 4 4 4 4 4 4 4 4 4 4 4 4 4 4 4 4 4 4 4 4 5 10 10 10 12 12 10 10 10 10 10 10 10 10 10 10 3 4 4 4 4 4 4 4 4 4 4 4 4 4 4 4 11 11 11
11 11 11 10 10 10 10 10 10 10 10 10 10 12 12 10 10 3 4 4 4 4 4 4 4 4 4 4 4 4 9 4 4 4 4 4 5 10 10 12 12 10 10 3 4 4 9 9 4 4 4 4 4 4 4 4 9 4 4 9 4 4 9 4 4 4 4 4 4 4 4 5 10 10 10 12 12 10 10 10 10 10 10 10 10 10 10 3 4 4 4 4 9 4 4 4 4 4 4 4 4 9 4 11 11 11
11 11 11 10 10 10 10 10 10 10 10 10 10 12 12 10 10 3 4 4 4 4 4 9 4 4 4 4 4 4 4 4 4 9 4 4 5 10 10 12 12 10 10 3 4 4 9 9 4 4 4 4 4 4 4 4 4 4 4 4 4 4 4 4 4 4 4 9 4 4 4 5 10 10 10 12 12 10 10 10 10 10 10 10 10 10 10 3 4 4 4 4 4 4 4 4 4 4 9 4 4 4 4 11 11 11
11 11 11 10 10 10 10 10 10 10 10 10 10 12 12 10 10 3 4 4 4 4 4 4 4 4 4 4 4 4 4 9 9 4 4 4 5 10 10 12 12 10 10 3 4 4 4 4 4 4 4 4 4 4 4 4 4 4 4 4 4 4 4 4 4 4 4 4 4 4 4 5 10 10 10 12 12 10 10 10 10 10 10 10 10 10 10 3 4 9 4 4 4 4 4 4 4 4 4 4 4 4 4 11 11 11
11 11 11 10 10 10 10 10 10 10 10 10 10 12 12 10 10 3 4 4 4 4 4 4 4 4 4 4 4 4 4 9 9 4 4 4 5 10 10 12 12 10 10 3 4 4 4 4 4 4 4 4 9 4 4 4 4 4 4 4 4 4 4 4 4 4 4 4 4 4 4 5 10 10 10 12 12 10 10 10 10 10 10 10 10 10 10 3 4 4 4 4 4 4 4 9 4 4 4 4 4 9 4 11 11 11
11 11 11 10 10 10 10 10 10 10 10 10 10 12 12 10 10 3 4 4 9 4 4 4 4 4 4 4 4 4 4 4 4 4 4 4 5 10 10 12 12 10 10 3 4 4 4 4 4 4 4 4 4 4 9 9 4 4 4 4 4 4 4 4 4 4 9 4 4 4 4 5 10 10 10 12 12 10 10 10 10 10 10 10 10 10 10 3 4 4 4 4 4 4 4 4 4 4 4 4 4 4 4 11 11 11
11 11 11 10 10 10 10 10 10 10 10 10 10 12 12 10 10 3 4 4 4 4 4 4 4 4 4 9 4 4 4 9 4 4 4 4 5 10 10 12 12 10 10 3 4 4 9 4 4 4 4 4 4 4 9 9 4 4 4 4 4 9 4 4 4 4 4 4 4 4 4 5 10 10 10 12 12 10 10 10 10 10 10 10 10 10 10 3 4 4 4 4 4 4 4 4 4 4 4 4 4 4 4 11 11 11
11 11 11 10 10 10 10 10 10 10 10 10 10 12 12 10 10 3 4 4 4 4 4 4 9 4 4 4 4 4 4 4 4 4 4 4 5 10 10 12 12 10 10 3 4 4 4 4 4 4 9 4 4 7 7 7 7 7 7 7 7 7 7 7 7 7 7 7 7 7 7 8 10 10 10 12 12 10 10 10 10 10 10 10 10 10 10 3 4 4 4 9 4 4 9 9 4 4 4 4 4 4 4 11 11 11
11 11 11 10 10 10 10 10 10 10 10 10 10 12 12 10 10 3 4 4 4 4 4 4 4 4 4 4 4 4 4 4 4 4 4 4 5 10 10 12 12 10 10 3 4 4 4 4 4 4 4 4 5 10 10 10 10 10 10 10 10 10 10 10 10 10 10 10 10 10 10 10 10 10 10 12 12 10 10 10 10 10 10 10 10 10 10 3 4 4 4 4 4 4 9 9 4 4 4 9 4 4 4 11 11 11
11 11 11 10 10 10 10 10 10 10 10 10 10 12 12 10 10 3 4 4 4 4 4 4 4 4 4 4 4 4 4 4 9 4 4 4 5 10 10 12 12 10 10 3 4 4 4 4 9 4 4 4 5 10 12 12 12 12 12 12 12 12 12 12 12 12 12 12 12 12 12 12 12 12 12 12 12 10 10 10 10 10 10 10 10 10 10 3 4 4 4 4 4 4 4 4 4 4 4 4 4 4 4 11 11 11
11 11 11 10 10 10 10 10 10 10 10 10 10 12 12 10 10 3 4 4 9 4 4 4 4 4 4 4 4 4 4 4 4 4 4 4 5 10 10 12 12 10 10 3 4 4 4 4 4 4 4 4 5 10 12 12 12 12 12 12 12 12 12 12 12 12 12 12 12 12 12 12 12 12 12 12 12 10 10 10 10 10 10 11 11 11 11 11 11 11 11 11 11 11 4 4 4 4 4 9 4 9 4 11 11 11
11 11 11 10 10 10 10 10 10 10 10 10 10 12 12 10 10 3 4 4 4 4 4 9 4 4 4 4 4 4 4 4 4 4 4 4 5 10 10 12 12 10 10 3 4 4 4 4 4 4 4 4 5 10 12 12 10 10 10 10 10 10 10 10 10 10 10 10 10 10 10 10 10 10 10 10 10 10 10 11 11 11 11 11 21 21 21 21 21 21 21 21 21 11 11 11 11 11 4 4 4 4 4 11 11 11
11 11 11 10 10 10 10 10 10 10 10 10 10 12 12 10 10 3 4 4 4 4 4 4 4 4 4 4 4 4 4 4 4 4 9 4 5 10 10 12 12 10 10 3 4 9 4 4 4 4 4 4 5 10 12 12 10 0 1 1 1 1 1 1 1 1 1 1 1 1 1 1 1 1 1 1 11 11 11 11 21 21 21 21 21 21 21 21 21 21 21 21 21 21 21 21 21 11 11 11 11 4 4 11 11 11
11 11 11 10 10 10 10 10 10 10 10 10 10 12 12 10 10 3 4 4 4 4 4 4 4 4 4 4 4 9 4 4 4 4 4 4 5 10 10 12 12 10 10 3 4 4 4 4 4 4 4 4 5 10 12 12 10 3 4 4 4 4 4 9 4 4 4 4 4 4 4 4 4 4 11 11 11 21 21 21 21 21 21 21 21 21 21 21 21 21 21 21 21 21 21 21 21 21 21 21 11 11 11 11 11 11
11 11 11 10 10 10 10 10 10 10 10 10 10 12 12 10 10 3 9 4 4 9 4 4 4 4 4 4 4 4 4 4 4 4 4 4 5 10 10 12 12 10 10 3 4 4 4 4 4 9 4 4 5 10 12 12 10 3 4 9 4 4 4 4 4 4 4 4 4 4 4 4 11 11 11 21 21 21 21 21 21 21 21 21 21 21 21 21 21 21 21 21 21 21 21 21 21 21 21 21 21 21 21 11 11 11
11 11 11 10 10 10 10 10 10 10 10 10 10 12 12 10 10 3 4 4 4 4 4 4 4 4 4 4 4 4 4 4 4 4 4 4 5 10 10 12 12 10 10 3 4 4 4 4 4 4 4 4 5 10 12 12 10 3 4 4 4 4 4 4 4 4 4 4 4 4 11 11 11 18 18 21 21 21 21 21 21 21 21 21 21 21 21 21 21 21 21 21 21 21 21 21 21 21 21 21 21 21 21 11 11 11
11 11 11 10 10 10 10 10 10 10 10 10 10 12 12 10 10 3 4 4 4 4 4 4 4 4 4 4 4 4 4 4 9 4 4 4 5 10 10 12 12 10 10 3 4 4 4 9 4 4 4 9 5 10 12 12 10 3 4 4 4 4 4 4 4 4 4 4 4 11 11 18 18 18 18 18 18 18 21 21 21 21 21 21 21 21 21 21 21 21 21 21 21 21 21 21 21 21 21 21 21 21 21 11 11 11
11 11 11 10 10 10 10 10 10 10 10 10 10 12 12 10 10 3 4 4 4 9 9 4 4 9 4 4 4 4 4 4 4 4 4 4 5 10 10 12 12 10 10 3 4 4 4 4 4 4 4 4 5 10 12 12 10 3 4 9 4 4 4 9 4 4 4 4 11 11 18 18 18 18 18 18 18 18 18 18 21 21 21 21 21 21 21 21 21 21 21 21 21 21 21 21 21 21 21 21 21 21 21 11 11 11
11 11 11 10 10 10 10 10 10 10 10 10 10 12 12 10 10 3 4 4 4 9 9 4 4 4 4 4 4 9 4 4 4 4 4 4 5 10 10 12 12 10 10 3 4 4 4 4 4 4 4 4 5 10 12 12 10 3 4 4 4 4 4 4 4 4 11 11 11 18 18 18 18 18 18 18 18 18 18 18 18 18 18 21 21 21 21 21 21 21 21 21 21 21 21 21 21 21 21 21 21 21 21 11 11 11
11 11 11 10 10 10 10 10 10 10 10 10 10 12 12 10 10 3 4 4 4 4 4 4 4 4 4 4 4 4 4 4 4 4 4 4 5 10 10 12 12 10 10 3 4 4 4 4 4 4 4 4 5 10 12 12 10 3 4 4 4 4 4 4 4 11 11 18 18 18 18 18 18 18 18 18 18 18 18 18 18 18 18 21 21 21 21 21 21 21 21 21 21 21 21 21 21 21 21 21 21 21 21 11 11 11
11 11 11 10 10 10 10 10 10 10 10 10 10 12 12 10 10 3 4 4 4 4 4 4 4 4 4 9 4 4 4 4 4 4 4 4 5 10 10 12 12 10 10 3 9 4 4 9 9 4 4 4 5 10 12 12 10 3 4 4 4 4 4 4 11 11 18 18 18 18 18 18 18 18 18 18 18 18 18 18 21 21 21 21 21 21 21 21 21 21 21 21 21 21 21 21 21 21 21 21 21 21 21 11 11 11
11 11 11 10 10 10 10 10 10 10 10 10 10 12 12 10 10 3 4 4 9 4 4 4 4 4 4 4 4 4 4 4 4 9 9 4 5 10 10 12 12 10 10 3 4 4 4 9 9 4 4 4 5 10 12 12 10 3 4 4 4 4 4 4 11 18 18 18 18 18 18 18 18 18 18 18 18 18 21 21 21 19 19 19 19 21 21 21 21 21 21 21 21 21 21 21 21 21 21 21 21 21 21 11 11 11
11 11 11 10 10 10 10 10 10 10 10 10 10 12 12 10 10 3 4 4 4 4 4 4 4 4 4 4 4 4 4 4 4 9 9 4 5 10 10 12 12 10 10 3 4 4 4 4 4 4 9 4 5 10 12 12 10 3 4 9 4 4 4 11 11 18 18 18 18 18 18 18 18 18 18 18 21 21 21 19 19 19 19 19 19 19 21 21 21 21 21 21 21 21 21 21 21 21 21 21 21 21 21 11 11 11
11 11 11 10 10 10 10 10 10 10 10 10 10 12 12 10 10 3 9 4 4 4 4 4 4 4 4 9 4 4 4 4 4 4 4 4 5 10 10 12 12 10 10 3 4 4 4 4 4 4 4 4 5 10 12 12 10 3 4 4 4 4 11 11 18 18 18 18 18 18 18 18 18 18 18 21 21 19 19 19 19 19 19 19 19 19 19 19 21 21 21 21 21 21 21 21 21 21 21 21 21 21 21 11 11 11
11 11 11 10 10 10 10 10 10 10 10 10 10 12 12 10 10 3 4 4 4 4 4 4 4 4 4 4 4 4 4 4 4 4 4 4 5 10 10 12 12 10 10 3 4 4 4 4 9 4 4 4 5 10 12 12 10 3 4 4 4 11 11 18 18 18 18 18 18 18 18 18 18 21 21 21 19 19 19 19 19 19 19 19 19 19 19 19 19 21 21 21 21 21 21 21 21 21 21 21 21 21 21 11 11 11
11 11 11 10 10 10 10 10 10 10 10 10 10 12 12 10 10 3 4 4 4 4 4 4 4 9 4 4 4 4 4 4 4 4 4 4 5 10 10 12 12 10 10 3 4 4 4 4 4 4 4 4 5 10 12 12 10 3 4 4 4 11 18 18 18 18 18 18 18 18 18 18 21 21 19 19 19 19 19 19 19 19 19 19 19 19 19 19 19 19 21 21 21 21 21 21 21 21 21 21 21 21 21 11 11 11
11 11 11 10 10 10 10 10 10 10 10 10 10 12 12 10 10 3 4 4 4 4 4 4 4 4 4 4 4 4 4 4 9 4 4 4 5 10 10 12 12 10 10 3 4 4 4 4 4 4 9 4 5 10 12 12 10 3 4 4 11 11 18 18 18 18 18 18 18 18 18 21 21 19 19 19 19 19 19 19 19 19 19 19 19 19 19 19 19 19 19 21 21 21 21 21 21 21 21 21 21 21 21 11 11 11
11 11 11 10 10 10 10 10 10 10 10 10 10 12 12 10 10 3 4 4 4 4 4 4 4 4 4 4 4 4 4 4 4 4 4 4 5 10 10 12 12 10 10 3 4 4 4 4 4 9 4 4 5 10 12 12 10 3 4 11 11 18 18 18 18 18 18 18 18 18 21 21 19 19 19 19 19 19 19 19 19 19 19 19 19 19 19 19 19 19 19 21 21 21 21 21 21 21 21 21 21 21 21 11 11 11
11 11 11 10 10 10 10 10 10 10 10 10 10 12 12 10 10 3 4 4 4 4 4 4 4 4 4 4 4 4 4 4 4 4 4 4 5 10 10 12 12 10 10 3 9 4 4 4 4 4 4 4 5 10 12 12 10 3 4 11 18 18 18 18 18 18 18 18 18 21 21 19 19 19 19 19 19 19 19 19 19 19 19 19 19 21 21 21 21 21 21 21 21 21 21 21 21 21 21 21 21 21 21 11 11 11
11 11 11 10 10 10 10 10 10 10 10 10 10 12 12 10 10 3 4 4 4 4 4 4 4 4 9 4 4 4 4 4 4 4 4 4 5 10 10 12 12 10 10 3 4 4 4 4 4 9 4 4 5 10 12 12 10 3 11 11 18 18 18 18 18 18 18 18 18 21 19 19 19 19 19 19 19 19 19 19 19 19 21 21 21 21 20 20 20 20 20 20 21 21 21 21 21 21 21 21 21 21 21 11 11 11
11 11 11 10 10 10 10 10 10 10 10 10 10 12 12 10 10 3 4 4 4 4 9 4 4 4 4 4 4 4 4 9 4 4 4 4 5 10 10 12 12 10 10 3 4 4 4 4 4 4 4 4 5 10 12 12 10 3 11 18 18 18 18 18 18 18 18 18 21 21 19 19 19 19 19 19 19 19 19 19 19 21 21 20 20 20 20 20 20 20 20 20 16 17 17 21 21 21 21 21 21 21 21 11 11 11
11 11 11 10 10 10 10 10 10 10 10 10 10 12 12 10 10 3 4 4 4 9 4 4 4 4 4 4 4 4 4 4 4 4 4 4 5 10 10 12 12 10 10 6 7 7 7 7 7 7 7 7 8 10 12 12 10 3 11 18 18 18 18 18 18 18 18 18 21 19 19 19 19 19 19 19 19 19 19 21 21 21 20 20 20 20 20 20 20 20 20 20 16 17 17 21 21 21 21 21 21 21 21 11 11 11
11 11 11 10 10 10 10 10 10 10 10 10 10 12 12 10 10 3 4 4 4 4 4 4 4 4 4 4 4 4 4 4 4 4 4 4 5 10 10 12 12 10 10 10 10 10 10 10 10 10 10 10 10 10 12 12 10 11 11 18 18 18 18 18 18 18 18 21 21 19 19 19 19 19 19 19 19 19 21 21 20 20 20 20 20 20 20 20 20 20 20 20 16 17 17 21 21 21 21 21 21 21 21 11 11 11
11 11 11 10 10 10 10 10 10 10 10 10 10 12 12 10 10 3 4 4 4 4 4 4 4 4 4 4 4 4 4 4 4 4 4 4 5 10 10 12 12 10 10 10 10 12 12 12 12 12 12 12 12 12 12 12 10 11 18 18 18 18 18 18 18 18 18 21 19 19 19 19 19 19 19 19 19 21 21 20 20 20 20 20 20 20 20 20 20 20 20 20 16 17 17 21 21 21 21 21 21 21 21 11 11 11
11 11 11 10 10 10 10 10 10 10 10 10 10 12 12 10 10 3 4 4 4 4 4 4 4 9 9 4 4 4 4 4 4 4 4 4 5 10 10 12 12 10 10 10 10 12 12 12 12 12 12 12 12 12 12 12 10 11 18 18 18 18 18 18 18 18 21 21 19 19 19 19 19 19 19 19 19 21 20 20 20 20 20 20 20 20 20 20 20 20 20 20 16 17 17 21 21 21 21 21 21 21 21 11 11 11
11 11 11 10 10 10 10 10 10 10 10 10 10 12 12 10 10 3 4 4 4 4 4 4 4 9 9 4 4 4 4 4 9 4 4 4 5 10 10 12 12 10 10 10 10 12 12 10 10 10 10 10 10 10 10 10 10 11 18 18 18 18 18 18 18 18 21 19 19 19 19 19 19 19 19 19 21 21 20 20 20 20 20 20 20 20 20 20 20 20 20 20 16 17 17 21 21 21 21 21 21 21 21 11 11 11
11 11 11 10 10 10 10 10 10 10 10 10 10 12 12 10 10 3 4 4 4 4 9 4 4 4 4 4 4 4 4 4 4 4 4 4 5 10 10 12 12 10 10 10 10 12 12 10 10 10 10 10 10 10 10 10 11 11 18 18 18 18 18 18 18 18 21 19 19 19 19 19 19 19 19 21 21 20 20 20 20 20 20 20 20 20 20 20 20 20 20 20 16 17 17 21 21 21 21 21 21 21 21 11 11 11
11 11 11 10 10 10 10 10 10 10 10 10 10 12 12 10 10 3 4 4 4 4 4 4 4 4 9 4 4 4 4 4 4 4 4 4 5 10 10 12 12 10 10 10 10 12 12 10 10 10 10 10 10 10 10 10 11 18 18 18 18 18 18 18 18 21 21 19 19 19 19 19 19 19 19 21 20 20 20 20 20 20 20 20 20 20 20 20 20 20 20 20 16 17 17 21 21 21 21 21 21 21 21 11 11 11
11 11 11 10 10 10 10 10 10 10 10 10 10 12 12 10 10 3 4 4 4 4 4 4 4 4 4 4 4 4 4 4 4 4 9 4 5 10 10 12 12 12 12 12 12 12 12 10 10 10 10 10 10 10 10 10 11 18 18 18 18 18 18 18 18 21 19 19 19 19 19 19 19 19 19 21 20 20 20 20 20 20 20 20 20 20 20 20 20 20 20 20 16 17 17 21 21 21 21 21 21 21 21 11 11 11
11 11 11 10 10 10 10 10 10 10 10 10 10 12 12 10 10 3 4 9 4 4 4 4 4 4 4 4 4 4 4 4 4 4 4 4 5 10 10 12 12 12 12 12 12 12 12 10 10 10 10 10 10 10 10 10 11 11 18 18 18 18 18 18 18 21 19 19 19 19 19 19 19 19 21 21 20 20 20 20 20 20 20 20 20 20 20 20 20 20 20 20 16 17 17 21 21 21 21 21 21 21 21 11 11 11
11 11 11 10 10 10 10 10 10 10 10 10 10 12 12 10 10 6 7 7 7 7 7 7 7 7 7 7 7 7 7 7 7 7 7 7 8 10 10 10 10 10 10 10 10 12 12 12 10 10 10 10 10 10 10 10 10 18 18 18 18 18 18 18 18 18 19 19 19 19 19 19 19 19 21 20 20 20 20 20 20 20 20 20 20 20 20 20 20 20 20 20 20 17 17 21 21 21 21 21 21 21 21 11 11 11
11 11 11 10 10 10 10 10 10 10 10 10 10 12 12 10 10 10 10 10 10 10 10 10 10 10 10 10 10 10 10 10 10 10 10 10 10 10 10 10 10 10 10 10 10 12 12 12 12 12 12 12 12 12 12 12 12 18 18 18 18 18 18 18 18 18 19 19 19 19 19 19 19 19 19 20 20 20 20 20 20 20 20 20 20 20 20 20 20 20 20 20 20 17 17 21 21 21 21 21 21 21 21 11 11 11
11 11 11 10 10 10 10 10 10 10 10 10 10 12 12 10 10 10 10 10 10 10 10 10 10 10 10 10 10 10 10 10 10 10 10 10 10 10 10 10 10 10 10 10 10 12 12 12 10 10 10 10 10 10 10 10 10 18 18 18 18 18 18 18 18 18 19 19 19 19 19 19 19 19 19 20 20 20 20 20 20 20 20 20 20 20 20 20 20 20 20 20 20 17 17 21 21 21 21 21 21 21 21 11 11 11
11 11 11 10 10 10 10 10 10 10 10 10 10 12 12 12 12 12 12 12 12 12 12 12 12 12 12 12 12 12 12 12 12 12 12 12 12 12 12 12 12 12 12 12 12 12 12 10 10 10 10 10 10 10 10 10 11 11 18 18 18 18 18 18 18 21 19 19 19 19 19 19 19 19 19 20 20 20 20 20 20 20 20 20 20 20 20 20 20 20 20 20 20 17 17 21 21 21 21 21 21 21 21 11 11 11
11 11 11 10 10 10 10 10 10 10 10 10 10 12 12 12 12 12 12 12 12 12 12 12 12 12 12 12 12 12 12 12 12 12 12 12 12 12 12 12 12 12 12 12 12 12 12 10 10 10 10 10 10 10 10 10 11 18 18 18 18 18 18 18 18 21 19 19 19 19 19 19 19 19 21 20 20 20 20 20 20 20 20 20 20 20 20 20 20 20 20 20 20 17 17 21 21 21 21 21 21 21 21 11 11 11
11 11 11 10 10 10 10 10 10 10 10 10 10 10 10 10 10 10 10 10 10 10 10 10 10 10 10 10 10 10 10 10 10 10 10 10 10 10 10 10 10 10 10 10 10 12 12 10 10 10 10 10 10 10 10 10 11 18 18 18 18 18 18 18 18 21 21 19 19 19 19 19 19 19 21 21 20 20 20 20 20 20 20 20 20 20 20 20 20 20 20 20 16 17 17 21 21 21 21 21 21 21 21 11 11 11
11 11 11 11 11 11 11 11 11 11 11 11 11 11 11 11 11 11 11 11 11 11 11 11 11 11 11 11 11 11 11 11 11 11 11 11 11 11 10 10 10 10 10 10 10 12 12 10 10 10 10 10 10 10 10 10 11 11 18 18 18 18 18 18 18 18 21 19 19 19 19 19 19 19 19 21 20 20 20 20 20 20 20 20 20 20 20 20 20 20 20 20 16 17 17 21 21 21 21 21 21 21 21 11 11 11
11 11 11 13 13 13 13 13 13 13 13 13 13 13 13 13 13 13 13 13 13 13 13 13 13 13 13 13 13 13 13 13 13 13 13 13 13 11 10 10 10 10 10 10 10 12 12 10 10 10 10 10 10 10 10 10 10 11 18 18 18 18 18 18 18 18 21 19 19 19 19 19 19 19 19 21 20 20 20 20 20 20 20 20 20 20 20 20 20 20 20 20 16 17 17 21 21 21 21 21 21 21 21 11 11 11
11 11 11 13 13 13 13 13 13 13 13 13 13 13 13 13 13 13 13 13 13 13 13 13 13 13 13 13 13 13 13 13 13 13 13 13 13 11 10 10 10 10 10 10 10 12 12 10 10 10 10 10 10 10 10 10 10 11 18 18 18 18 18 18 18 18 21 21 19 19 19 19 19 19 19 21 21 20 20 20 20 20 20 20 20 20 20 20 20 20 20 20 16 17 17 21 21 21 21 21 21 21 21 11 11 11
11 11 11 13 13 13 13 13 13 13 13 13 13 13 13 13 13 13 13 13 13 13 13 13 13 13 13 13 13 13 13 13 13 13 13 13 13 11 10 10 10 10 10 10 10 12 12 10 10 10 10 10 10 10 10 10 10 11 18 18 18 18 18 18 18 18 18 21 19 19 19 19 19 19 19 19 21 21 20 20 20 20 20 20 20 20 20 20 20 20 20 20 16 17 17 21 21 21 21 21 21 21 21 11 11 11
11 11 11 13 13 13 15 15 15 15 15 15 15 15 15 15 15 15 15 15 15 15 15 15 15 15 15 15 15 15 15 15 15 13 13 13 13 11 10 10 10 10 10 10 10 12 12 10 10 10 10 10 10 10 10 10 10 11 11 18 18 18 18 18 18 18 18 21 21 19 19 19 19 19 19 19 19 21 20 20 20 20 20 20 20 20 20 20 20 20 20 20 16 17 17 21 21 21 21 21 21 21 21 11 11 11
11 11 11 13 13 13 15 15 15 15 15 15 15 15 15 15 15 15 15 15 15 15 15 15 15 15 15 15 15 15 15 15 15 13 13 13 13 11 10 10 10 10 10 10 10 12 12 10 10 10 10 10 10 10 10 10 10 10 11 18 18 18 18 18 18 18 18 18 21 19 19 19 19 19 19 19 19 21 21 20 20 20 20 20 20 20 20 20 20 20 20 20 16 17 17 21 21 21 21 21 21 21 21 11 11 11
11 11 11 13 13 13 13 13 13 13 13 13 13 13 13 13 13 13 13 13 13 13 13 13 13 13 13 13 13 13 13 13 13 13 13 13 13 11 10 10 10 10 10 10 10 12 12 10 10 10 10 10 10 10 10 10 10 10 11 18 18 18 18 18 18 18 18 18 21 21 19 19 19 19 19 19 19 19 21 21 20 20 20 20 20 20 20 20 20 20 20 20 16 17 17 21 21 21 21 21 21 21 21 11 11 11
11 11 11 13 13 13 13 13 13 13 13 13 13 13 13 13 13 13 13 13 13 13 13 13 13 13 13 13 13 13 13 13 13 13 13 13 13 11 10 10 10 10 10 10 10 12 12 10 10 10 10 10 10 10 10 10 10 10 11 11 18 18 18 18 18 18 18 18 18 21 19 19 19 19 19 19 19 19 19 21 21 21 20 20 20 20 20 20 20 20 20 20 16 17 17 21 21 21 21 21 21 21 21 11 11 11
11 11 11 13 13 13 13 13 13 13 13 13 13 13 13 13 13 13 13 13 13 13 13 13 13 13 13 13 13 13 13 13 13 13 13 13 13 11 10 10 10 10 10 10 10 12 12 10 10 10 10 10 10 10 10 10 10 10 10 11 18 18 18 18 18 18 18 18 18 21 21 19 19 19 19 19 19 19 19 19 19 21 21 20 20 20 20 20 20 20 20 20 16 17 17 21 21 21 21 21 21 21 21 11 11 11
11 11 11 13 13 13 15 15 15 15 15 15 15 15 15 15 15 15 15 15 15 15 15 15 15 15 15 15 15 15 15 15 15 13 13 13 13 11 10 10 10 10 10 10 10 12 12 10 10 10 10 10 10 10 10 10 10 10 10 11 11 18 18 18 18 18 18 18 18 18 21 21 19 19 19 19 19 19 19 19 19 19 21 21 21 21 20 20 20 20 20 20 21 21 21 21 21 21 21 21 21 21 21 11 11 11
11 11 11 13 13 13 15 15 15 15 15 15 15 15 15 15 15 15 15 15 15 15 15 15 15 15 15 15 15 15 15 15 15 13 13 13 13 11 10 10 10 10 10 10 10 12 12 10 10 10 10 10 10 10 10 10 10 10 10 10 11 11 18 18 18 18 18 18 18 18 18 21 21 19 19 19 19 19 19 19 19 19 19 19 19 21 21 21 21 21 21 21 21 21 21 21 21 21 21 21 21 21 21 11 11 11
11 11 11 13 13 13 13 13 13 13 13 13 13 13 13 13 13 13 13 13 13 13 13 13 13 13 13 13 13 13 13 13 13 13 13 13 13 11 10 10 10 10 10 10 10 12 12 10 10 10 10 10 10 10 10 10 10 10 10 10 10 11 18 18 18 18 18 18 18 18 18 18 21 21 19 19 19 19 19 19 19 19 19 19 19 19 19 19 19 19 19 21 21 21 21 21 21 21 21 21 21 21 21 11 11 11
11 11 11 13 13 13 13 13 13 13 13 13 13 13 13 13 13 13 13 13 13 13 13 13 13 13 13 13 13 13 13 13 13 13 13 13 13 11 10 10 10 10 10 10 10 12 12 10 10 10 10 10 10 10 10 10 10 10 10 10 10 11 11 18 18 18 18 18 18 18 18 18 18 21 21 21 19 19 19 19 19 19 19 19 19 19 19 19 19 19 21 21 21 21 21 21 21 21 21 21 21 21 21 11 11 11
11 11 11 13 13 13 13 13 13 13 13 13 13 13 13 13 13 13 13 13 13 13 13 13 13 13 13 13 13 13 13 13 13 13 13 13 13 11 10 10 10 10 10 10 10 12 12 10 10 10 10 10 10 10 10 10 10 10 10 10 10 10 11 11 18 18 18 18 18 18 18 18 18 18 18 21 21 19 19 19 19 19 19 19 19 19 19 19 19 21 21 21 21 21 21 21 21 21 21 21 21 21 21 11 11 11
11 11 11 13 13 13 15 15 15 15 15 15 15 15 15 15 15 15 15 15 15 15 15 15 15 15 15 15 15 15 15 15 15 13 13 13 13 11 10 10 10 10 10 10 10 12 12 10 10 10 10 10 10 10 10 10 10 10 10 10 10 10 10 11 11 18 18 18 18 18 18 18 18 18 18 18 21 21 21 19 19 19 19 19 19 19 19 21 21 21 21 21 21 21 21 21 21 21 21 21 21 21 21 11 11 11
11 11 11 13 13 13 15 15 15 15 15 15 15 15 15 15 15 15 15 15 15 15 15 15 15 15 15 15 15 15 15 15 15 13 13 13 13 11 10 10 10 10 10 10 10 12 12 10 10 10 10 10 10 10 10 10 10 10 10 10 10 10 10 10 11 18 18 18 18 18 18 18 18 18 18 18 18 18 21 21 21 19 19 19 19 19 21 21 21 21 21 21 21 21 21 21 21 21 21 21 21 21 21 11 11 11
11 11 11 13 13 13 13 13 13 13 13 13 13 13 13 13 13 13 13 13 13 13 13 13 13 13 13 13 13 13 13 13 13 13 13 13 13 11 10 10 10 10 10 10 10 12 12 10 10 10 10 10 10 10 10 10 10 10 10 10 10 10 10 10 11 11 18 18 18 18 18 18 18 18 18 18 18 18 18 18 21 21 21 21 21 21 21 21 21 21 21 21 21 21 21 21 21 21 21 21 21 21 21 11 11 11
11 11 11 13 13 13 13 13 13 13 13 13 13 13 13 13 13 13 13 13 13 13 13 13 13 13 13 13 13 13 13 13 13 13 13 13 13 11 10 10 10 10 10 10 10 12 12 10 10 10 10 10 10 10 10 10 10 10 10 10 10 10 10 10 10 11 11 18 18 18 18 18 18 18 18 18 18 18 18 18 18 18 18 21 21 21 21 21 21 21 21 21 21 21 21 21 21 21 21 21 21 21 21 11 11 11
11 11 11 13 13 13 13 13 13 13 13 13 13 13 13 13 13 13 13 13 13 13 13 13 13 13 13 13 13 13 13 13 13 13 13 13 13 13 10 10 10 10 10 10 10 12 12 10 10 10 10 10 10 10 10 10 10 10 10 10 10 10 10 10 10 10 11 11 11 18 18 18 18 18 18 18 18 18 18 18 18 18 18 21 21 21 21 21 21 21 21 21 21 21 21 21 21 21 21 21 21 21 21 11 11 11
11 11 11 13 13 13 13 13 13 13 13 13 13 13 13 13 13 13 13 13 13 13 13 13 13 13 13 13 13 13 13 13 13 13 13 13 13 13 10 10 10 10 10 10 12 12 12 10 10 10 10 10 10 10 10 10 10 10 10 10 10 10 10 10 10 10 10 10 11 18 18 18 18 18 18 18 18 18 18 18 18 21 21 21 21 21 21 21 21 21 21 21 21 21 21 21 21 21 21 21 21 21 21 11 11 11
11 11 11 13 13 13 13 13 13 13 13 13 13 13 13 13 13 13 13 13 13 13 13 13 13 13 13 13 13 13 13 13 13 13 13 13 13 13 12 12 12 12 12 12 12 12 12 10 10 10 10 10 10 10 10 10 10 10 10 10 10 10 10 10 10 10 10 10 11 11 11 18 18 18 18 18 18 18 18 21 21 21 21 21 21 21 21 21 21 21 21 21 21 21 21 21 21 21 21 21 21 21 21 11 11 11
11 11 11 13 13 13 13 13 13 13 13 13 13 13 13 13 13 13 13 13 13 13 13 13 13 13 13 13 13 13 13 13 13 13 13 13 13 13 10 10 10 10 10 10 12 12 12 10 10 10 10 10 10 10 10 10 10 10 10 10 10 10 10 10 10 10 10 10 10 10 11 11 18 18 18 18 18 21 21 21 21 21 21 21 21 21 21 21 21 21 21 21 21 21 21 21 21 21 21 21 21 21 21 11 11 11
11 11 11 13 13 13 13 13 13 13 13 13 13 13 13 13 13 13 13 13 13 13 13 13 13 13 13 13 13 13 13 13 13 13 13 13 13 13 10 10 10 10 10 10 10 12 12 10 10 10 10 10 10 10 10 10 10 10 10 10 10 10 10 10 10 10 10 10 10 10 10 10 11 11 18 21 21 21 21 21 21 21 21 21 21 21 21 21 21 21 21 21 21 21 21 21 21 21 21 21 21 21 21 11 11 11
11 11 11 13 13 13 13 13 13 13 13 13 13 13 13 13 13 13 13 13 13 13 13 13 13 13 13 13 13 13 13 13 13 13 13 13 13 11 10 10 10 10 10 10 10 12 12 10 10 10 10 10 10 10 10 10 10 10 10 10 10 10 10 10 10 10 10 10 10 10 10 10 10 11 11 11 21 21 21 21 21 21 21 21 21 21 21 21 21 21 21 21 21 21 21 21 21 21 21 21 21 11 11 11 11 11
11 11 11 13 13 13 13 13 13 13 13 13 13 13 13 13 13 13 13 13 13 13 13 13 13 13 13 13 13 13 13 13 13 13 13 13 13 11 10 10 10 10 10 10 10 12 12 10 10 10 10 10 10 10 10 10 10 10 10 10 10 10 10 10 10 10 10 10 10 10 10 10 10 10 10 10 11 11 11 21 21 21 21 21 21 21 21 21 21 21 21 21 21 21 21 21 21 21 11 11 11 11 10 11 11 11
11 11 11 13 13 13 15 15 15 15 15 15 15 15 15 15 15 15 15 15 15 15 15 15 15 15 15 15 15 15 15 15 15 13 13 13 13 11 10 10 10 10 10 10 10 12 12 10 10 10 10 10 10 10 10 10 10 10 10 10 10 10 10 10 10 10 10 10 10 10 10 10 10 10 10 10 10 10 10 11 11 11 11 21 21 21 21 21 21 21 21 21 21 21 11 11 11 11 11 10 10 10 10 11 11 11
11 11 11 13 13 13 15 15 15 15 15 15 15 15 15 15 15 15 15 15 15 15 15 15 15 15 15 15 15 15 15 15 15 13 13 13 13 11 10 10 10 10 10 10 10 12 12 10 10 10 10 10 10 10 10 10 10 10 10 10 10 10 10 10 10 10 10 10 10 10 10 10 10 10 10 10 10 10 10 10 10 10 11 11 11 11 11 11 11 11 11 11 11 11 11 10 10 10 10 10 10 10 10 11 11 11
11 11 11 13 13 13 13 13 13 13 13 13 13 13 13 13 13 13 13 13 13 13 13 13 13 13 13 13 13 13 13 13 13 13 13 13 13 11 10 10 10 10 10 10 10 12 12 10 10 10 10 10 10 10 10 10 10 10 10 10 10 10 10 10 10 10 10 10 10 10 10 10 10 10 10 10 10 10 10 10 10 10 10 10 10 10 10 10 10 10 10 10 10 10 10 10 10 10 10 10 10 10 10 11 11 11
11 11 11 13 13 13 13 13 13 13 13 13 13 13 13 13 13 13 13 13 13 13 13 13 13 13 13 13 13 13 13 13 13 13 13 13 13 11 10 10 10 10 10 10 10 12 12 10 10 10 10 10 10 10 10 10 10 10 10 10 10 10 10 10 10 10 10 10 10 10 10 10 10 10 10 10 10 10 10 10 10 10 10 10 10 10 10 10 10 10 10 10 10 10 10 10 10 10 10 10 10 10 10 11 11 11
11 11 11 11 11 11 11 11 11 11 11 11 11 11 11 11 11 11 11 11 11 11 11 11 11 11 11 11 11 11 11 11 11 11 11 11 11 11 11 11 11 11 11 11 11 11 11 11 11 11 11 11 11 11 11 11 11 11 11 11 11 11 11 11 11 11 11 11 11 11 11 11 11 11 11 11 11 11 11 11 11 11 11 11 11 11 11 11 11 11 11 11 11 11 11 11 11 11 11 11 11 11 11 11 11 11
11 11 11 11 11 11 11 11 11 11 11 11 11 11 11 11 11 11 11 11 11 11 11 11 11 11 11 11 11 11 11 11 11 11 11 11 11 11 11 11 11 11 11 11 11 11 11 11 11 11 11 11 11 11 11 11 11 11 11 11 11 11 11 11 11 11 11 11 11 11 11 11 11 11 11 11 11 11 11 11 11 11 11 11 11 11 11 11 11 11 11 11 11 11 11 11 11 11 11 11 11 11 11 11 11 11
11 11 11 11 11 11 11 11 11 11 11 11 11 11 11 11 11 11 11 11 11 11 11 11 11 11 11 11 11 11 11 11 11 11 11 11 11 11 11 11 11 11 11 11 11 11 11 11 11 11 11 11 11 11 11 11 11 11 11 11 11 11 11 11 11 11 11 11 11 11 11 11 11 11 11 11 11 11 11 11 11 11 11 11 11 11 11 11 11 11 11 11 11 11 11 11 11 11 11 11 11 11 11 11 11 11